%YAML:1.0
---
model_type: PINHOLE
camera_name: camera
image_width: 640
image_height: 480
distortion_parameters:
   k1: 0 #0.00761302
   k2: 0 #-0.00878207
   p1: 0 #0.00204255
   p2: 0 #0.00097095
projection_parameters:
   fx: 392.02714656
   fy: 404.66840721
   cx: 321.94870492
   cy: 247.64943102
   
# %YAML:1.0
# ---
# model_type: PINHOLE
# camera_name: camera
# image_width: 640
# image_height: 480
# distortion_parameters:
#    k1: 0.0
#    k2: 0.0
#    p1: 0.0
#    p2: 0.0
# projection_parameters:
#    fx: 382.83856201171875
#    fy: 382.83856201171875
#    cx: 317.4849853515625
#    cy: 235.34381103515625


