%YAML:1.0
---
model_type: PINHOLE
camera_name: camera
image_width: 640
image_height: 480
distortion_parameters:
   k1: 0 #0.00964999
   k2: 0 #-0.00996068
   p1: 0 #0.00243794
   p2: 0 #0.00064594
projection_parameters:
   fx: 390.09618093
   fy: 402.76489759
   cx: 321.5386838
   cy: 247.37402999
   
# %YAML:1.0
# ---
# model_type: PINHOLE
# camera_name: camera
# image_width: 640
# image_height: 480
# distortion_parameters:
#    k1: 0.0
#    k2: 0.0
#    p1: 0.0
#    p2: 0.0
# projection_parameters:
#    fx: 382.83856201171875
#    fy: 382.83856201171875
#    cx: 317.4849853515625
#    cy: 235.34381103515625



